win_sum
4029
draw_sum
0
loss_sum
5971
win rate
0.4029

action
[0, 34, 9, 0, 34, 9, 0, 1, 34, 14, 0, 9, 34, 9, 1, 34, 9, 1, 34, 0, 34, 1, 10, 15, 0, 34, 10, 19, 34, 9, 14, 34, 9, 0, 34, 2, 14, 0, 9, 34, 14, 0, 34, 19, 34, 14, 34, 9, 34]
Second Playerは盤面にカードがありません
state
[2, 4, 0, 0, 0, 0, 0, 0, 0, 0, 0, 0, 0, 0, 0, 0, 0, 0, 0, 0, 0, 0, 0, 0, 0, 0, 0, 0, 0, 0, 0, 0, 0, 0, 0, 0, 0, 0, 0, 0, 0, 0, 0]
action
[0, 34, 9, 0, 34, 9, 0, 1, 34, 14, 0, 9, 34, 9, 1, 34, 9, 1, 34, 0, 34, 1, 10, 15, 0, 34, 10, 19, 34, 9, 14, 34, 9, 0, 34, 2, 14, 0, 9, 34, 14, 0, 34, 19, 34, 14, 34, 9, 34, 34]
Second Playerは盤面にカードがありません
state
[2, 4, 0, 0, 0, 0, 0, 0, 0, 0, 0, 0, 0, 0, 0, 0, 0, 0, 0, 0, 0, 0, 0, 0, 0, 0, 0, 0, 0, 0, 0, 0, 0, 0, 0, 0, 0, 0, 0, 0, 0, 0, 0]
action
[0, 34, 9, 0, 34, 9, 0, 1, 34, 14, 0, 9, 34, 9, 1, 34, 9, 1, 34, 0, 34, 1, 10, 15, 0, 34, 10, 19, 34, 9, 14, 34, 9, 0, 34, 2, 14, 0, 9, 34, 14, 0, 34, 19, 34, 14, 34, 9, 34, 34, 34]
Second Playerは盤面にカードがありません
state
[2, 4, 0, 0, 0, 0, 0, 0, 0, 0, 0, 0, 0, 0, 0, 0, 0, 0, 0, 0, 0, 0, 0, 0, 0, 0, 0, 0, 0, 0, 0, 0, 0, 0, 0, 0, 0, 0, 0, 0, 0, 0, 0]
action
[0, 34, 9, 0, 34, 9, 0, 1, 34, 14, 0, 9, 34, 9, 1, 34, 9, 1, 34, 0, 34, 1, 10, 15, 0, 34, 10, 19, 34, 9, 14, 34, 9, 0, 34, 2, 14, 0, 9, 34, 14, 0, 34, 19, 34, 14, 34, 9, 34, 34, 34, 34]
Second Playerは盤面にカードがありません
state
[2, 4, 0, 0, 0, 0, 0, 0, 0, 0, 0, 0, 0, 0, 0, 0, 0, 0, 0, 0, 0, 0, 0, 0, 0, 0, 0, 0, 0, 0, 0, 0, 0, 0, 0, 0, 0, 0, 0, 0, 0, 0, 0]
action
[0, 34, 9, 0, 34, 9, 0, 1, 34, 14, 0, 9, 34, 9, 1, 34, 9, 1, 34, 0, 34, 1, 10, 15, 0, 34, 10, 19, 34, 9, 14, 34, 9, 0, 34, 2, 14, 0, 9, 34, 14, 0, 34, 19, 34, 14, 34, 9, 34, 34, 34, 34, 34]
Second Playerは盤面にカードがありません
state
[2, 4, 0, 0, 0, 0, 0, 0, 0, 0, 0, 0, 0, 0, 0, 0, 0, 0, 0, 0, 0, 0, 0, 0, 0, 0, 0, 0, 0, 0, 0, 0, 0, 0, 0, 0, 0, 0, 0, 0, 0, 0, 0]
action
[0, 34, 9, 0, 34, 9, 0, 1, 34, 14, 0, 9, 34, 9, 1, 34, 9, 1, 34, 0, 34, 1, 10, 15, 0, 34, 10, 19, 34, 9, 14, 34, 9, 0, 34, 2, 14, 0, 9, 34, 14, 0, 34, 19, 34, 14, 34, 9, 34, 34, 34, 34, 34, 34]
Second Playerは盤面にカードがありません
state
[2, 4, 0, 0, 0, 0, 0, 0, 0, 0, 0, 0, 0, 0, 0, 0, 0, 0, 0, 0, 0, 0, 0, 0, 0, 0, 0, 0, 0, 0, 0, 0, 0, 0, 0, 0, 0, 0, 0, 0, 0, 0, 0]
action
[0, 34, 9, 0, 34, 9, 0, 1, 34, 14, 0, 9, 34, 9, 1, 34, 9, 1, 34, 0, 34, 1, 10, 15, 0, 34, 10, 19, 34, 9, 14, 34, 9, 0, 34, 2, 14, 0, 9, 34, 14, 0, 34, 19, 34, 14, 34, 9, 34, 34, 34, 34, 34, 34, 34]
Second Playerは盤面にカードがありません
state
[2, 4, 0, 0, 0, 0, 0, 0, 0, 0, 0, 0, 0, 0, 0, 0, 0, 0, 0, 0, 0, 0, 0, 0, 0, 0, 0, 0, 0, 0, 0, 0, 0, 0, 0, 0, 0, 0, 0, 0, 0, 0, 0]
action
[0, 34, 9, 0, 34, 9, 0, 1, 34, 14, 0, 9, 34, 9, 1, 34, 9, 1, 34, 0, 34, 1, 10, 15, 0, 34, 10, 19, 34, 9, 14, 34, 9, 0, 34, 2, 14, 0, 9, 34, 14, 0, 34, 19, 34, 14, 34, 9, 34, 34, 34, 34, 34, 34, 34, 34]
Second Playerは盤面にカードがありません
state
[2, 4, 0, 0, 0, 0, 0, 0, 0, 0, 0, 0, 0, 0, 0, 0, 0, 0, 0, 0, 0, 0, 0, 0, 0, 0, 0, 0, 0, 0, 0, 0, 0, 0, 0, 0, 0, 0, 0, 0, 0, 0, 0]
action
[0, 34, 9, 0, 34, 9, 0, 1, 34, 14, 0, 9, 34, 9, 1, 34, 9, 1, 34, 0, 34, 1, 10, 15, 0, 34, 10, 19, 34, 9, 14, 34, 9, 0, 34, 2, 14, 0, 9, 34, 14, 0, 34, 19, 34, 14, 34, 9, 34, 34, 34, 34, 34, 34, 34, 34, 34]
Second Playerは盤面にカードがありません
state
[2, 4, 0, 0, 0, 0, 0, 0, 0, 0, 0, 0, 0, 0, 0, 0, 0, 0, 0, 0, 0, 0, 0, 0, 0, 0, 0, 0, 0, 0, 0, 0, 0, 0, 0, 0, 0, 0, 0, 0, 0, 0, 0]
action
[0, 34, 9, 0, 34, 9, 0, 1, 34, 14, 0, 9, 34, 9, 1, 34, 9, 1, 34, 0, 34, 1, 10, 15, 0, 34, 10, 19, 34, 9, 14, 34, 9, 0, 34, 2, 14, 0, 9, 34, 14, 0, 34, 19, 34, 14, 34, 9, 34, 34, 34, 34, 34, 34, 34, 34, 34, 34]
Second Playerは盤面にカードがありません
state
[2, 4, 0, 0, 0, 0, 0, 0, 0, 0, 0, 0, 0, 0, 0, 0, 0, 0, 0, 0, 0, 0, 0, 0, 0, 0, 0, 0, 0, 0, 0, 0, 0, 0, 0, 0, 0, 0, 0, 0, 0, 0, 0]
action
[0, 34, 9, 0, 34, 9, 0, 1, 34, 14, 0, 9, 34, 9, 1, 34, 9, 1, 34, 0, 34, 1, 10, 15, 0, 34, 10, 19, 34, 9, 14, 34, 9, 0, 34, 2, 14, 0, 9, 34, 14, 0, 34, 19, 34, 14, 34, 9, 34, 34, 34, 34, 34, 34, 34, 34, 34, 34, 34]
Second Playerは盤面にカードがありません
state
[2, 4, 0, 0, 0, 0, 0, 0, 0, 0, 0, 0, 0, 0, 0, 0, 0, 0, 0, 0, 0, 0, 0, 0, 0, 0, 0, 0, 0, 0, 0, 0, 0, 0, 0, 0, 0, 0, 0, 0, 0, 0, 0]
action
[0, 34, 9, 0, 34, 9, 0, 1, 34, 14, 0, 9, 34, 9, 1, 34, 9, 1, 34, 0, 34, 1, 10, 15, 0, 34, 10, 19, 34, 9, 14, 34, 9, 0, 34, 2, 14, 0, 9, 34, 14, 0, 34, 19, 34, 14, 34, 9, 34, 34, 34, 34, 34, 34, 34, 34, 34, 34, 34, 34]
Second Playerは盤面にカードがありません
state
[2, 4, 0, 0, 0, 0, 0, 0, 0, 0, 0, 0, 0, 0, 0, 0, 0, 0, 0, 0, 0, 0, 0, 0, 0, 0, 0, 0, 0, 0, 0, 0, 0, 0, 0, 0, 0, 0, 0, 0, 0, 0, 0]
Episode 10000: reward: 23.000, steps: 60

このやばパターンあったのでなんとかする