state
[3, 3, 3, 3, 2, 3, 2, 4, 2, 4, 0, 0, 0, 0, 0, 0, 0, 0, 2, 3, 0, 0, 0, 0, 0, 0, 0, 0, 1, 1, 0, 0, 0, 0, 0, 0, 0, 0, 1, 0, 0, 0, 0]
action
[0, 34, 9, 34, 9, 1, 34, 9, 34, 4, 9, 34, 9, 1, 34, 9, 1, 34, 9, 1, 34, 14, 1, 34, 9, 4, 34, 9, 34, 14, 2, 34, 9, 2, 34, 9, 34, 9, 34, 9]
previous_action, now_action
34 9
state
[3, 3, 3, 3, 2, 3, 2, 4, 2, 4, 0, 0, 0, 0, 0, 0, 0, 0, 2, 2, 0, 0, 0, 0, 0, 0, 0, 0, 0, 0, 0, 0, 0, 0, 0, 0, 0, 0, 0, 0, 0, 0, 0]
action
[0, 34, 9, 34, 9, 1, 34, 9, 34, 4, 9, 34, 9, 1, 34, 9, 1, 34, 9, 1, 34, 14, 1, 34, 9, 4, 34, 9, 34, 14, 2, 34, 9, 2, 34, 9, 34, 9, 34, 9, 34]
Second Playerは盤面にカードがありません
previous_action, now_action
9 34
state
[3, 3, 3, 3, 2, 3, 2, 4, 2, 4, 0, 0, 0, 0, 0, 0, 0, 0, 2, 2, 0, 0, 0, 0, 0, 0, 0, 0, 0, 0, 0, 0, 0, 0, 0, 0, 0, 0, 1, 0, 0, 0, 0]
action
[0, 34, 9, 34, 9, 1, 34, 9, 34, 4, 9, 34, 9, 1, 34, 9, 1, 34, 9, 1, 34, 14, 1, 34, 9, 4, 34, 9, 34, 14, 2, 34, 9, 2, 34, 9, 34, 9, 34, 9, 34, 34]
Second Playerは盤面にカードがありません
previous_action, now_action
34 34
state
[3, 3, 3, 3, 2, 3, 2, 4, 2, 4, 0, 0, 0, 0, 0, 0, 0, 0, 2, 2, 0, 0, 0, 0, 0, 0, 0, 0, 0, 0, 0, 0, 0, 0, 0, 0, 0, 0, 1, 0, 0, 0, 0]
action
[0, 34, 9, 34, 9, 1, 34, 9, 34, 4, 9, 34, 9, 1, 34, 9, 1, 34, 9, 1, 34, 14, 1, 34, 9, 4, 34, 9, 34, 14, 2, 34, 9, 2, 34, 9, 34, 9, 34, 9, 34, 34, 34]
Second Playerは盤面にカードがありません
previous_action, now_action
34 34
state
[3, 3, 3, 3, 2, 3, 2, 4, 2, 4, 0, 0, 0, 0, 0, 0, 0, 0, 2, 2, 0, 0, 0, 0, 0, 0, 0, 0, 0, 0, 0, 0, 0, 0, 0, 0, 0, 0, 1, 0, 0, 0, 0]
action
[0, 34, 9, 34, 9, 1, 34, 9, 34, 4, 9, 34, 9, 1, 34, 9, 1, 34, 9, 1, 34, 14, 1, 34, 9, 4, 34, 9, 34, 14, 2, 34, 9, 2, 34, 9, 34, 9, 34, 9, 34, 34, 34, 34]
Second Playerは盤面にカードがありません
previous_action, now_action
34 34
state
[3, 3, 3, 3, 2, 3, 2, 4, 2, 4, 0, 0, 0, 0, 0, 0, 0, 0, 2, 2, 0, 0, 0, 0, 0, 0, 0, 0, 0, 0, 0, 0, 0, 0, 0, 0, 0, 0, 1, 0, 0, 0, 0]
action
[0, 34, 9, 34, 9, 1, 34, 9, 34, 4, 9, 34, 9, 1, 34, 9, 1, 34, 9, 1, 34, 14, 1, 34, 9, 4, 34, 9, 34, 14, 2, 34, 9, 2, 34, 9, 34, 9, 34, 9, 34, 34, 34, 34, 34]
Second Playerは盤面にカードがありません
previous_action, now_action
34 34
state
[3, 3, 3, 3, 2, 3, 2, 4, 2, 4, 0, 0, 0, 0, 0, 0, 0, 0, 2, 2, 0, 0, 0, 0, 0, 0, 0, 0, 0, 0, 0, 0, 0, 0, 0, 0, 0, 0, 1, 0, 0, 0, 0]
action
[0, 34, 9, 34, 9, 1, 34, 9, 34, 4, 9, 34, 9, 1, 34, 9, 1, 34, 9, 1, 34, 14, 1, 34, 9, 4, 34, 9, 34, 14, 2, 34, 9, 2, 34, 9, 34, 9, 34, 9, 34, 34, 34, 34, 34, 34]
Second Playerは盤面にカードがありません
previous_action, now_action
34 34
state
[3, 3, 3, 3, 2, 3, 2, 4, 2, 4, 0, 0, 0, 0, 0, 0, 0, 0, 2, 2, 0, 0, 0, 0, 0, 0, 0, 0, 0, 0, 0, 0, 0, 0, 0, 0, 0, 0, 1, 0, 0, 0, 0]
action
[0, 34, 9, 34, 9, 1, 34, 9, 34, 4, 9, 34, 9, 1, 34, 9, 1, 34, 9, 1, 34, 14, 1, 34, 9, 4, 34, 9, 34, 14, 2, 34, 9, 2, 34, 9, 34, 9, 34, 9, 34, 34, 34, 34, 34, 34, 34]
Second Playerは盤面にカードがありません
previous_action, now_action
34 34
state
[3, 3, 3, 3, 2, 3, 2, 4, 2, 4, 0, 0, 0, 0, 0, 0, 0, 0, 2, 2, 0, 0, 0, 0, 0, 0, 0, 0, 0, 0, 0, 0, 0, 0, 0, 0, 0, 0, 1, 0, 0, 0, 0]
action
[0, 34, 9, 34, 9, 1, 34, 9, 34, 4, 9, 34, 9, 1, 34, 9, 1, 34, 9, 1, 34, 14, 1, 34, 9, 4, 34, 9, 34, 14, 2, 34, 9, 2, 34, 9, 34, 9, 34, 9, 34, 34, 34, 34, 34, 34, 34, 34]
Second Playerは盤面にカードがありません
previous_action, now_action
34 34
state
[3, 3, 3, 3, 2, 3, 2, 4, 2, 4, 0, 0, 0, 0, 0, 0, 0, 0, 2, 2, 0, 0, 0, 0, 0, 0, 0, 0, 0, 0, 0, 0, 0, 0, 0, 0, 0, 0, 1, 0, 0, 0, 0]
action
[0, 34, 9, 34, 9, 1, 34, 9, 34, 4, 9, 34, 9, 1, 34, 9, 1, 34, 9, 1, 34, 14, 1, 34, 9, 4, 34, 9, 34, 14, 2, 34, 9, 2, 34, 9, 34, 9, 34, 9, 34, 34, 34, 34, 34, 34, 34, 34, 34]
Second Playerは盤面にカードがありません
previous_action, now_action
34 34
state
[3, 3, 3, 3, 2, 3, 2, 4, 2, 4, 0, 0, 0, 0, 0, 0, 0, 0, 2, 2, 0, 0, 0, 0, 0, 0, 0, 0, 0, 0, 0, 0, 0, 0, 0, 0, 0, 0, 1, 0, 0, 0, 0]
action
[0, 34, 9, 34, 9, 1, 34, 9, 34, 4, 9, 34, 9, 1, 34, 9, 1, 34, 9, 1, 34, 14, 1, 34, 9, 4, 34, 9, 34, 14, 2, 34, 9, 2, 34, 9, 34, 9, 34, 9, 34, 34, 34, 34, 34, 34, 34, 34, 34, 34]
Second Playerは盤面にカードがありません
previous_action, now_action
34 34
state
[3, 3, 3, 3, 2, 3, 2, 4, 2, 4, 0, 0, 0, 0, 0, 0, 0, 0, 2, 2, 0, 0, 0, 0, 0, 0, 0, 0, 0, 0, 0, 0, 0, 0, 0, 0, 0, 0, 1, 0, 0, 0, 0]
action
[0, 34, 9, 34, 9, 1, 34, 9, 34, 4, 9, 34, 9, 1, 34, 9, 1, 34, 9, 1, 34, 14, 1, 34, 9, 4, 34, 9, 34, 14, 2, 34, 9, 2, 34, 9, 34, 9, 34, 9, 34, 34, 34, 34, 34, 34, 34, 34, 34, 34, 34]
Second Playerは盤面にカードがありません
previous_action, now_action
34 34
state
[3, 3, 3, 3, 2, 3, 2, 4, 2, 4, 0, 0, 0, 0, 0, 0, 0, 0, 2, 2, 0, 0, 0, 0, 0, 0, 0, 0, 0, 0, 0, 0, 0, 0, 0, 0, 0, 0, 1, 0, 0, 0, 0]
action
[0, 34, 9, 34, 9, 1, 34, 9, 34, 4, 9, 34, 9, 1, 34, 9, 1, 34, 9, 1, 34, 14, 1, 34, 9, 4, 34, 9, 34, 14, 2, 34, 9, 2, 34, 9, 34, 9, 34, 9, 34, 34, 34, 34, 34, 34, 34, 34, 34, 34, 34, 34]
Second Playerは盤面にカードがありません
previous_action, now_action
34 34
state
[3, 3, 3, 3, 2, 3, 2, 4, 2, 4, 0, 0, 0, 0, 0, 0, 0, 0, 2, 2, 0, 0, 0, 0, 0, 0, 0, 0, 0, 0, 0, 0, 0, 0, 0, 0, 0, 0, 1, 0, 0, 0, 0]
action
[0, 34, 9, 34, 9, 1, 34, 9, 34, 4, 9, 34, 9, 1, 34, 9, 1, 34, 9, 1, 34, 14, 1, 34, 9, 4, 34, 9, 34, 14, 2, 34, 9, 2, 34, 9, 34, 9, 34, 9, 34, 34, 34, 34, 34, 34, 34, 34, 34, 34, 34, 34, 34]
Second Playerは盤面にカードがありません
previous_action, now_action
34 34
state
[3, 3, 3, 3, 2, 3, 2, 4, 2, 4, 0, 0, 0, 0, 0, 0, 0, 0, 2, 2, 0, 0, 0, 0, 0, 0, 0, 0, 0, 0, 0, 0, 0, 0, 0, 0, 0, 0, 1, 0, 0, 0, 0]
action
[0, 34, 9, 34, 9, 1, 34, 9, 34, 4, 9, 34, 9, 1, 34, 9, 1, 34, 9, 1, 34, 14, 1, 34, 9, 4, 34, 9, 34, 14, 2, 34, 9, 2, 34, 9, 34, 9, 34, 9, 34, 34, 34, 34, 34, 34, 34, 34, 34, 34, 34, 34, 34, 34]
Second Playerは盤面にカードがありません
previous_action, now_action
34 34
state
[3, 3, 3, 3, 2, 3, 2, 4, 2, 4, 0, 0, 0, 0, 0, 0, 0, 0, 2, 2, 0, 0, 0, 0, 0, 0, 0, 0, 0, 0, 0, 0, 0, 0, 0, 0, 0, 0, 1, 0, 0, 0, 0]
action
[0, 34, 9, 34, 9, 1, 34, 9, 34, 4, 9, 34, 9, 1, 34, 9, 1, 34, 9, 1, 34, 14, 1, 34, 9, 4, 34, 9, 34, 14, 2, 34, 9, 2, 34, 9, 34, 9, 34, 9, 34, 34, 34, 34, 34, 34, 34, 34, 34, 34, 34, 34, 34, 34, 34]
Second Playerは盤面にカードがありません
previous_action, now_action
34 34
state
[3, 3, 3, 3, 2, 3, 2, 4, 2, 4, 0, 0, 0, 0, 0, 0, 0, 0, 2, 2, 0, 0, 0, 0, 0, 0, 0, 0, 0, 0, 0, 0, 0, 0, 0, 0, 0, 0, 1, 0, 0, 0, 0]
action
[0, 34, 9, 34, 9, 1, 34, 9, 34, 4, 9, 34, 9, 1, 34, 9, 1, 34, 9, 1, 34, 14, 1, 34, 9, 4, 34, 9, 34, 14, 2, 34, 9, 2, 34, 9, 34, 9, 34, 9, 34, 34, 34, 34, 34, 34, 34, 34, 34, 34, 34, 34, 34, 34, 34, 34]
Second Playerは盤面にカードがありません
previous_action, now_action
34 34
state
[3, 3, 3, 3, 2, 3, 2, 4, 2, 4, 0, 0, 0, 0, 0, 0, 0, 0, 2, 2, 0, 0, 0, 0, 0, 0, 0, 0, 0, 0, 0, 0, 0, 0, 0, 0, 0, 0, 1, 0, 0, 0, 0]
action
[0, 34, 9, 34, 9, 1, 34, 9, 34, 4, 9, 34, 9, 1, 34, 9, 1, 34, 9, 1, 34, 14, 1, 34, 9, 4, 34, 9, 34, 14, 2, 34, 9, 2, 34, 9, 34, 9, 34, 9, 34, 34, 34, 34, 34, 34, 34, 34, 34, 34, 34, 34, 34, 34, 34, 34, 34]
Second Playerは盤面にカードがありません
previous_action, now_action
34 34
state
[3, 3, 3, 3, 2, 3, 2, 4, 2, 4, 0, 0, 0, 0, 0, 0, 0, 0, 2, 2, 0, 0, 0, 0, 0, 0, 0, 0, 0, 0, 0, 0, 0, 0, 0, 0, 0, 0, 1, 0, 0, 0, 0]
action
[0, 34, 9, 34, 9, 1, 34, 9, 34, 4, 9, 34, 9, 1, 34, 9, 1, 34, 9, 1, 34, 14, 1, 34, 9, 4, 34, 9, 34, 14, 2, 34, 9, 2, 34, 9, 34, 9, 34, 9, 34, 34, 34, 34, 34, 34, 34, 34, 34, 34, 34, 34, 34, 34, 34, 34, 34, 34]
Second Playerは盤面にカードがありません
previous_action, now_action
34 34
state
[3, 3, 3, 3, 2, 3, 2, 4, 2, 4, 0, 0, 0, 0, 0, 0, 0, 0, 2, 2, 0, 0, 0, 0, 0, 0, 0, 0, 0, 0, 0, 0, 0, 0, 0, 0, 0, 0, 1, 0, 0, 0, 0]
action
[0, 34, 9, 34, 9, 1, 34, 9, 34, 4, 9, 34, 9, 1, 34, 9, 1, 34, 9, 1, 34, 14, 1, 34, 9, 4, 34, 9, 34, 14, 2, 34, 9, 2, 34, 9, 34, 9, 34, 9, 34, 34, 34, 34, 34, 34, 34, 34, 34, 34, 34, 34, 34, 34, 34, 34, 34, 34, 34]
Second Playerは盤面にカードがありません
previous_action, now_action
34 34
state
[3, 3, 3, 3, 2, 3, 2, 4, 2, 4, 0, 0, 0, 0, 0, 0, 0, 0, 2, 2, 0, 0, 0, 0, 0, 0, 0, 0, 0, 0, 0, 0, 0, 0, 0, 0, 0, 0, 1, 0, 0, 0, 0]
action
[0, 34, 9, 34, 9, 1, 34, 9, 34, 4, 9, 34, 9, 1, 34, 9, 1, 34, 9, 1, 34, 14, 1, 34, 9, 4, 34, 9, 34, 14, 2, 34, 9, 2, 34, 9, 34, 9, 34, 9, 34, 34, 34, 34, 34, 34, 34, 34, 34, 34, 34, 34, 34, 34, 34, 34, 34, 34, 34, 34]
Second Playerは盤面にカードがありません
previous_action, now_action
34 34
state
[3, 3, 3, 3, 2, 3, 2, 4, 2, 4, 0, 0, 0, 0, 0, 0, 0, 0, 2, 2, 0, 0, 0, 0, 0, 0, 0, 0, 0, 0, 0, 0, 0, 0, 0, 0, 0, 0, 1, 0, 0, 0, 0]
Episode 9998: reward: -556.000, steps: 60

無限ターンエンドやばすぎ
相手の盤面がいない時にターンエンドで報酬もらえるから繰り返してるっぽい